元素1,2
排列有：
1,2
2,1
因此抽象排列就是
121或212

元素1,2,3
排列有：
1,2,3
3,2,1
2,1,3
1,3,2
2,3,1
3,1,2
因此抽象排列就是
1231231

元素1,2,3,4
排列有：
1,2,3,4
1,2,4,3
1,3,2,4
1,3,4,2
1,4,3,2
1,4,2,3

2,1,3,4
2,1,4,3
2,3,1,4
2,3,4,1
2,4,3,1
2,4,1,3

3,2,1,4
3,2,4,1
3,1,2,4
3,1,4,2
3,4,1,2
3,4,2,1

4,2,3,1
4,2,1,3
4,3,2,1
4,3,1,2
4,1,3,2 
4,1,2,3
total:24
因此抽象排列就是
1234123412341

因此抽象公式为：
n(n-1)+1

定义：有n个元素，则取其中任意m个不重复的元素进行排列，则排列数为B(n,m)，有：

2个元素取1个进行排列：
12
B(2,1)=2

4个元素取2个进行排列：
1234321
B(4,2)=7

5个元素取2个进行排列：
123454321
B(5,2)=9

4个元素取3个进行排列：
1234321234
B(4,3)=10

A(4,3)=4!/(4-3)!=4*3*2=24
123,124,132,134,142,143
213,214,231,234,241,243
312,314,321,324,341,342
412,413,421,423,431,432

故有：
B(n,m)=(n-1)*m+1(n>=1,n>=m>=1)



deprecated:即对于n层（每一层由m(显然m>=n)张纹理无序排列）进行批处理，最多需要n(n-1)+1次处理